100 4446
1 2 10 5
1 3 6 4
1 4 9 1
1 5 8 10
1 6 9 1
1 7 3 2
1 8 5 5
1 9 7 7
1 10 7 5
1 11 5 10
1 12 2 1
1 14 9 1
1 15 9 6
1 16 4 10
1 17 9 10
1 18 9 1
1 19 3 5
1 20 6 9
1 21 10 5
1 22 5 6
1 23 6 8
1 24 7 4
1 27 6 9
1 28 4 2
1 29 5 4
1 30 1 1
1 31 2 4
1 32 1 3
1 33 4 5
1 34 3 9
1 35 8 7
1 36 10 3
1 37 10 6
1 38 1 10
1 39 10 3
1 40 7 5
1 41 6 9
1 42 9 1
1 43 1 10
1 44 2 9
1 45 5 3
1 46 4 1
1 47 7 9
1 48 8 2
1 50 2 5
1 51 9 8
1 52 1 4
1 53 10 4
1 54 1 6
1 55 7 5
1 56 10 1
1 57 3 3
1 58 9 4
1 59 10 2
1 60 10 9
1 61 9 4
1 62 3 9
1 63 6 9
1 64 6 4
1 65 3 4
1 66 6 3
1 67 7 2
1 69 4 2
1 70 6 1
1 71 10 9
1 72 6 2
1 73 9 4
1 76 6 9
1 77 8 3
1 78 4 5
1 79 10 1
1 80 2 3
1 81 8 9
1 82 3 4
1 83 10 1
1 84 9 10
1 85 7 3
1 86 7 7
1 88 3 4
1 89 9 4
1 90 7 6
1 91 8 8
1 92 8 4
1 93 3 2
1 94 5 4
1 95 4 1
1 96 2 8
1 97 10 1
1 98 3 1
1 99 8 6
1 100 5 6
2 3 7 10
2 4 2 10
2 7 9 4
2 9 2 3
2 10 6 8
2 11 6 5
2 12 8 7
2 13 2 7
2 17 2 10
2 18 4 8
2 19 9 1
2 20 6 4
2 21 6 5
2 22 7 3
2 23 1 6
2 24 1 6
2 25 4 5
2 26 6 4
2 27 3 8
2 28 7 7
2 29 10 10
2 30 1 2
2 31 7 3
2 32 8 2
2 33 3 8
2 34 7 9
2 35 2 1
2 36 9 9
2 37 1 10
2 38 6 4
2 39 8 10
2 40 2 10
2 41 1 8
2 42 1 5
2 43 1 4
2 44 4 7
2 45 6 8
2 47 9 1
2 48 10 9
2 50 1 7
2 51 5 2
2 52 7 5
2 53 6 4
2 54 10 8
2 55 3 8
2 56 7 10
2 57 3 1
2 58 3 4
2 59 7 7
2 60 2 2
2 61 6 4
2 62 1 10
2 63 5 1
2 64 6 1
2 65 8 2
2 66 10 4
2 67 3 10
2 69 3 10
2 70 3 2
2 71 1 6
2 72 10 3
2 73 7 7
2 74 6 9
2 75 6 7
2 76 3 1
2 78 7 8
2 79 1 8
2 81 2 5
2 82 10 5
2 83 5 4
2 84 10 6
2 85 2 3
2 86 3 9
2 87 4 10
2 89 7 2
2 91 2 10
2 92 7 3
2 93 4 1
2 94 5 9
2 96 4 8
2 98 9 3
3 4 1 5
3 5 8 3
3 6 3 3
3 7 5 5
3 8 6 6
3 9 3 8
3 11 5 8
3 12 4 10
3 13 8 1
3 14 2 4
3 15 1 5
3 16 2 2
3 18 9 10
3 19 8 4
3 22 5 4
3 23 3 1
3 24 8 8
3 26 9 10
3 27 6 10
3 28 8 3
3 29 6 8
3 30 4 7
3 31 9 10
3 32 2 7
3 33 10 8
3 35 5 10
3 36 10 1
3 38 6 10
3 39 7 7
3 40 3 9
3 42 6 4
3 43 3 6
3 44 7 2
3 45 1 5
3 46 5 10
3 47 6 9
3 48 2 10
3 49 7 9
3 50 7 10
3 51 7 8
3 52 2 3
3 53 9 7
3 54 5 3
3 55 9 4
3 56 5 9
3 57 10 5
3 58 5 7
3 59 10 3
3 60 7 8
3 61 8 6
3 62 9 9
3 63 1 10
3 64 7 5
3 65 1 4
3 66 5 4
3 67 1 7
3 68 5 6
3 69 5 9
3 70 2 1
3 71 5 5
3 72 9 7
3 73 2 5
3 74 4 6
3 75 3 5
3 76 1 1
3 77 5 6
3 78 9 1
3 79 4 8
3 80 2 3
3 81 8 9
3 82 1 5
3 84 1 10
3 85 2 1
3 86 1 3
3 87 2 2
3 89 8 4
3 90 3 7
3 91 8 5
3 92 1 8
3 94 1 1
3 95 7 1
3 96 5 4
3 97 6 3
3 98 10 7
3 99 6 8
3 100 2 7
4 5 6 6
4 6 2 3
4 7 5 3
4 8 3 6
4 9 1 7
4 10 8 10
4 11 10 5
4 12 8 6
4 13 9 7
4 14 3 7
4 15 8 8
4 16 6 6
4 17 4 9
4 18 8 1
4 19 10 8
4 20 3 10
4 21 2 6
4 22 2 8
4 24 8 10
4 26 5 3
4 27 7 6
4 28 2 2
4 29 1 2
4 30 9 3
4 31 3 5
4 32 1 2
4 33 5 7
4 34 10 2
4 35 9 2
4 36 5 7
4 37 10 6
4 38 7 4
4 39 2 9
4 40 8 3
4 42 9 4
4 43 3 3
4 44 3 6
4 45 10 7
4 46 1 2
4 47 3 7
4 48 10 4
4 49 8 7
4 51 6 4
4 52 7 8
4 53 10 8
4 54 1 2
4 55 1 4
4 56 6 4
4 57 7 7
4 58 2 2
4 59 1 1
4 60 5 2
4 61 6 6
4 62 1 10
4 63 6 9
4 64 10 10
4 65 3 9
4 66 9 8
4 67 5 8
4 68 9 8
4 69 2 4
4 70 1 7
4 71 3 6
4 72 9 4
4 73 7 2
4 74 5 1
4 75 10 6
4 76 1 8
4 77 4 2
4 79 10 9
4 80 4 3
4 81 1 7
4 82 5 2
4 83 6 9
4 84 7 6
4 86 9 1
4 87 9 2
4 88 2 5
4 90 8 10
4 91 1 4
4 92 3 7
4 93 10 8
4 94 2 5
4 95 3 3
4 96 7 1
4 97 9 4
4 98 4 5
4 99 9 1
5 6 5 4
5 7 1 6
5 8 7 10
5 9 7 1
5 10 6 5
5 11 1 3
5 12 9 7
5 13 10 8
5 14 10 1
5 15 9 6
5 16 3 7
5 17 1 3
5 18 1 5
5 19 4 6
5 20 6 2
5 21 8 7
5 22 6 1
5 23 4 3
5 24 9 2
5 25 4 7
5 27 4 7
5 28 9 7
5 30 2 5
5 31 10 9
5 32 10 1
5 33 6 3
5 34 5 9
5 35 10 5
5 36 9 7
5 37 2 3
5 38 9 6
5 39 2 5
5 40 2 10
5 41 9 7
5 43 10 10
5 44 5 7
5 45 1 3
5 46 8 9
5 47 3 6
5 48 2 1
5 49 6 7
5 50 4 8
5 51 4 8
5 52 5 5
5 53 6 2
5 54 2 7
5 55 2 2
5 56 7 4
5 57 9 5
5 58 7 7
5 59 7 1
5 60 1 1
5 61 5 2
5 62 9 5
5 63 4 1
5 64 5 7
5 65 3 2
5 66 6 9
5 67 2 10
5 68 6 9
5 69 4 10
5 70 2 9
5 71 7 3
5 72 8 3
5 73 2 2
5 76 4 7
5 77 3 4
5 78 6 8
5 79 6 3
5 80 4 1
5 81 4 2
5 82 6 1
5 83 6 2
5 84 4 8
5 85 2 5
5 86 10 7
5 87 8 7
5 89 6 4
5 90 4 4
5 91 10 9
5 92 10 5
5 93 4 5
5 94 4 4
5 96 5 2
5 97 5 5
5 98 8 2
5 99 3 3
5 100 3 6
6 7 7 9
6 9 1 3
6 10 5 2
6 11 7 7
6 12 1 10
6 13 4 4
6 14 1 5
6 15 4 3
6 16 6 6
6 17 5 2
6 18 7 5
6 19 4 5
6 20 4 10
6 21 2 7
6 22 10 1
6 24 7 5
6 25 1 7
6 26 3 9
6 27 2 5
6 28 6 6
6 29 5 5
6 30 3 4
6 31 7 6
6 33 9 10
6 34 6 8
6 35 9 8
6 36 9 10
6 37 10 9
6 38 5 6
6 39 7 6
6 40 7 1
6 41 9 1
6 42 9 5
6 43 6 7
6 44 8 5
6 45 8 7
6 46 8 10
6 49 6 9
6 50 7 8
6 51 6 7
6 52 8 5
6 53 9 3
6 54 2 10
6 55 9 2
6 56 8 3
6 57 10 10
6 58 6 2
6 59 1 4
6 60 6 10
6 61 1 5
6 62 6 5
6 63 8 10
6 64 5 5
6 65 3 8
6 66 5 2
6 67 8 4
6 68 10 7
6 69 3 10
6 70 5 7
6 71 10 4
6 73 3 6
6 74 5 9
6 75 7 8
6 76 8 4
6 77 3 1
6 78 10 6
6 79 5 4
6 80 10 3
6 81 1 1
6 82 2 5
6 83 2 7
6 85 3 10
6 86 6 3
6 87 6 5
6 88 2 9
6 89 3 10
6 90 2 5
6 91 8 1
6 92 6 10
6 93 5 10
6 94 6 5
6 95 8 8
6 96 6 6
6 97 5 3
6 98 3 2
6 99 2 5
6 100 6 4
7 9 9 7
7 10 8 3
7 11 1 9
7 12 2 6
7 13 10 2
7 14 5 5
7 15 2 5
7 16 7 10
7 17 7 8
7 19 8 7
7 20 4 2
7 21 2 10
7 22 4 2
7 23 6 2
7 25 8 3
7 26 4 8
7 27 2 7
7 28 5 10
7 29 2 7
7 30 9 10
7 31 4 8
7 32 5 1
7 33 9 10
7 34 10 4
7 35 2 6
7 37 2 10
7 38 8 8
7 39 5 3
7 40 2 2
7 41 8 4
7 42 8 3
7 43 3 2
7 44 10 8
7 46 4 4
7 47 9 6
7 48 6 3
7 49 10 9
7 50 5 9
7 51 7 4
7 52 6 6
7 53 4 6
7 54 9 7
7 55 3 6
7 57 10 2
7 58 2 8
7 59 2 5
7 60 8 2
7 61 5 9
7 62 8 9
7 63 5 5
7 64 9 7
7 65 3 4
7 66 10 8
7 67 4 6
7 68 6 8
7 69 4 2
7 70 10 8
7 71 9 2
7 72 3 3
7 73 8 3
7 74 4 9
7 75 6 6
7 76 1 4
7 77 2 3
7 78 10 2
7 79 6 7
7 80 4 7
7 81 3 6
7 82 1 10
7 83 2 9
7 84 9 4
7 85 4 10
7 86 8 9
7 87 9 9
7 88 8 3
7 89 3 2
7 90 3 6
7 91 3 8
7 92 9 2
7 93 3 7
7 94 5 1
7 95 8 9
7 96 9 10
7 97 6 1
7 98 8 2
7 99 8 4
7 100 1 9
8 9 4 9
8 10 4 9
8 11 5 5
8 12 1 6
8 13 1 8
8 14 7 6
8 15 4 9
8 16 7 7
8 17 7 4
8 18 10 8
8 19 3 8
8 20 3 4
8 21 10 10
8 22 2 9
8 23 6 4
8 25 1 10
8 26 8 4
8 27 6 3
8 28 2 4
8 29 6 3
8 30 8 3
8 31 8 4
8 33 7 4
8 34 7 2
8 35 6 2
8 36 7 6
8 37 5 1
8 38 7 5
8 39 8 1
8 40 4 6
8 41 8 6
8 42 2 8
8 43 5 2
8 45 4 7
8 46 4 5
8 47 5 5
8 48 5 1
8 50 9 5
8 51 1 7
8 55 10 7
8 56 9 6
8 57 2 9
8 58 3 8
8 59 2 7
8 60 4 7
8 61 8 8
8 62 3 3
8 63 8 5
8 66 10 6
8 67 9 10
8 68 7 1
8 69 9 4
8 72 4 7
8 73 2 1
8 74 5 10
8 75 10 8
8 76 4 2
8 77 3 6
8 78 7 10
8 79 10 8
8 80 10 8
8 81 6 2
8 82 9 1
8 83 9 4
8 84 4 8
8 85 1 2
8 86 2 10
8 87 7 6
8 88 2 4
8 89 7 9
8 90 9 5
8 91 10 10
8 92 7 8
8 93 2 5
8 94 8 4
8 95 5 4
8 96 2 4
8 97 4 5
8 98 8 5
8 100 2 9
9 10 10 6
9 11 1 7
9 12 5 5
9 13 3 2
9 14 1 3
9 15 1 2
9 16 2 10
9 17 3 5
9 18 9 6
9 19 9 8
9 20 8 5
9 21 9 8
9 22 6 10
9 24 7 4
9 25 7 4
9 26 4 8
9 27 3 1
9 28 9 5
9 29 5 7
9 30 3 6
9 31 3 1
9 32 6 5
9 33 10 1
9 34 10 8
9 35 6 7
9 36 1 2
9 37 9 5
9 38 4 10
9 39 8 4
9 41 2 8
9 43 9 6
9 44 2 3
9 45 5 6
9 46 6 1
9 47 6 7
9 49 2 2
9 50 3 7
9 51 10 5
9 52 4 7
9 54 9 10
9 55 9 7
9 56 2 3
9 57 2 3
9 58 2 9
9 60 9 4
9 61 10 7
9 62 10 9
9 63 4 5
9 64 9 2
9 65 3 10
9 66 1 6
9 67 9 3
9 68 2 1
9 69 8 4
9 70 7 6
9 71 9 1
9 72 7 7
9 74 5 7
9 75 10 5
9 76 6 4
9 77 7 3
9 79 6 3
9 80 3 9
9 81 1 9
9 82 2 7
9 83 5 1
9 84 10 5
9 86 6 3
9 87 4 6
9 88 2 9
9 89 1 4
9 90 6 5
9 91 4 4
9 92 8 10
9 93 10 4
9 94 3 3
9 95 3 8
9 96 1 1
9 97 9 9
9 98 10 4
9 99 8 4
9 100 10 7
10 11 1 2
10 12 7 3
10 13 1 8
10 14 10 5
10 16 1 7
10 17 4 3
10 18 1 5
10 20 1 1
10 21 1 2
10 22 5 9
10 24 10 8
10 25 2 4
10 27 8 1
10 28 1 10
10 29 6 7
10 30 1 2
10 31 10 10
10 32 3 9
10 33 3 4
10 34 4 8
10 35 10 5
10 36 3 6
10 37 9 7
10 38 6 1
10 39 6 7
10 40 8 9
10 42 4 10
10 43 4 10
10 44 5 9
10 46 8 6
10 47 4 4
10 48 10 6
10 49 10 9
10 50 8 9
10 51 1 6
10 52 1 9
10 53 8 7
10 54 4 9
10 58 7 9
10 59 10 4
10 60 4 4
10 61 10 1
10 62 5 10
10 63 6 1
10 64 2 3
10 65 3 10
10 66 7 6
10 67 4 4
10 68 9 10
10 69 10 8
10 70 4 8
10 71 2 6
10 72 9 1
10 73 10 1
10 74 7 6
10 75 6 4
10 76 4 2
10 77 2 7
10 78 1 2
10 79 4 4
10 80 1 3
10 81 10 4
10 82 2 7
10 83 1 6
10 84 4 10
10 85 6 2
10 86 4 9
10 88 5 9
10 89 10 4
10 90 2 10
10 91 2 3
10 92 7 1
10 93 7 4
10 94 6 3
10 95 5 2
10 97 6 6
10 98 1 2
10 99 6 9
10 100 9 9
11 12 2 8
11 13 4 3
11 14 6 9
11 15 6 4
11 16 3 1
11 17 5 4
11 18 5 2
11 19 1 1
11 21 6 5
11 22 3 3
11 24 5 3
11 25 4 10
11 26 1 8
11 27 10 3
11 28 9 9
11 29 6 7
11 30 10 2
11 31 7 10
11 34 1 6
11 35 3 9
11 36 9 5
11 37 9 1
11 38 10 2
11 39 7 4
11 40 5 2
11 41 7 6
11 42 8 8
11 43 8 6
11 44 8 2
11 45 4 4
11 46 7 8
11 47 4 9
11 48 9 7
11 49 3 6
11 50 4 10
11 51 6 9
11 53 9 9
11 54 3 8
11 55 1 7
11 56 2 3
11 57 6 8
11 58 10 5
11 59 5 3
11 60 6 5
11 61 1 1
11 62 7 6
11 63 5 5
11 64 5 7
11 65 2 6
11 66 7 7
11 68 1 2
11 69 5 7
11 70 9 1
11 71 6 10
11 72 3 9
11 73 4 1
11 74 5 3
11 75 3 7
11 77 1 4
11 78 9 2
11 79 9 1
11 80 7 9
11 82 5 9
11 83 8 3
11 84 7 9
11 85 7 1
11 86 2 4
11 87 8 4
11 88 7 6
11 89 4 3
11 90 7 4
11 91 2 10
11 92 4 4
11 93 5 7
11 94 1 9
11 95 9 6
11 96 3 2
11 97 7 2
11 99 9 1
11 100 5 1
12 13 6 5
12 14 9 8
12 15 1 4
12 16 9 7
12 17 2 6
12 18 8 5
12 19 4 8
12 20 9 10
12 21 8 3
12 22 7 6
12 23 8 7
12 24 5 4
12 25 4 5
12 26 3 4
12 27 4 3
12 29 2 9
12 30 7 8
12 31 2 10
12 32 6 3
12 33 4 6
12 34 3 5
12 36 3 8
12 38 4 5
12 39 9 6
12 40 10 1
12 41 2 5
12 42 7 4
12 43 8 8
12 44 10 3
12 45 3 8
12 46 6 7
12 47 2 10
12 48 9 9
12 49 9 3
12 50 3 7
12 51 8 10
12 52 6 3
12 53 6 8
12 54 4 7
12 55 3 7
12 56 6 5
12 57 2 7
12 58 7 8
12 60 9 1
12 61 5 7
12 62 8 1
12 63 3 6
12 64 7 10
12 65 5 3
12 66 7 3
12 67 3 5
12 68 2 8
12 70 7 5
12 72 8 7
12 73 10 3
12 74 8 8
12 75 10 7
12 76 9 10
12 77 6 1
12 78 4 4
12 80 3 4
12 81 4 3
12 82 7 10
12 83 9 4
12 84 7 9
12 85 6 8
12 86 4 2
12 87 3 5
12 88 9 7
12 89 8 8
12 90 2 7
12 91 2 5
12 92 9 9
12 93 6 7
12 94 8 10
12 95 7 6
12 96 6 6
12 97 8 3
12 98 10 9
12 99 2 4
12 100 3 8
14 15 4 2
14 16 6 1
14 17 1 3
14 18 5 9
14 19 7 9
14 20 5 5
14 21 9 2
14 22 2 10
14 23 10 8
14 24 8 8
14 25 5 6
14 26 2 8
14 27 9 2
14 28 7 2
14 29 8 1
14 30 4 1
14 31 10 7
14 32 1 6
14 33 3 1
14 34 2 4
14 35 9 5
14 36 4 8
14 37 1 8
14 38 1 10
14 39 5 2
14 40 2 3
14 41 4 5
14 42 10 6
14 43 4 2
14 44 3 1
14 45 7 3
14 46 3 6
14 47 8 8
14 48 6 10
14 49 3 3
14 50 4 10
14 51 2 3
14 52 7 8
14 53 2 9
14 54 4 10
14 55 6 4
14 56 1 8
14 57 2 3
14 58 4 10
14 59 7 5
14 60 5 6
14 61 9 10
14 62 8 9
14 63 3 10
14 64 3 3
14 65 4 9
14 66 4 10
14 68 5 4
14 69 10 3
14 70 5 3
14 71 1 4
14 72 5 4
14 73 10 2
14 74 1 9
14 75 3 3
14 76 10 9
14 77 1 9
14 78 1 2
14 79 6 1
14 80 4 6
14 81 9 2
14 82 3 4
14 83 2 4
14 84 8 1
14 85 6 2
14 86 7 1
14 87 1 3
14 88 1 1
14 89 9 2
14 90 8 2
14 91 10 7
14 92 9 8
14 93 6 1
14 94 6 5
14 95 1 9
14 96 3 3
14 97 1 2
14 98 5 10
14 99 10 6
14 100 5 10
15 16 8 10
15 17 7 4
15 18 4 6
15 19 7 8
15 20 3 6
15 21 4 10
15 22 3 8
15 24 10 7
15 25 5 10
15 26 6 5
15 27 10 10
15 28 2 1
15 29 7 1
15 30 10 3
15 32 2 2
15 33 4 5
15 34 4 9
15 35 2 8
15 36 1 6
15 38 4 1
15 39 5 9
15 40 9 10
15 41 5 4
15 42 2 8
15 43 2 6
15 44 7 10
15 45 3 6
15 46 10 6
15 47 9 6
15 48 3 4
15 49 3 1
15 50 3 4
15 51 4 6
15 52 6 1
15 53 6 7
15 54 8 9
15 55 2 4
15 56 1 3
15 57 4 1
15 58 5 9
15 59 5 1
15 60 5 5
15 61 8 7
15 62 1 10
15 63 7 3
15 64 2 7
15 65 2 1
15 66 2 8
15 67 3 8
15 68 6 10
15 69 9 10
15 70 6 2
15 71 1 3
15 72 4 2
15 73 5 5
15 74 3 5
15 75 5 2
15 76 9 3
15 77 5 8
15 79 3 10
15 80 9 3
15 81 10 10
15 82 9 9
15 83 1 5
15 84 3 5
15 85 5 3
15 86 4 1
15 88 10 7
15 89 2 5
15 90 7 7
15 91 7 10
15 92 6 6
15 93 8 6
15 94 1 5
15 95 6 6
15 97 4 9
15 98 2 4
15 99 1 8
15 100 10 7
16 18 1 5
16 20 2 5
16 21 8 3
16 22 8 8
16 23 5 5
16 24 1 9
16 26 4 2
16 27 7 6
16 28 4 4
16 29 3 3
16 30 8 3
16 31 2 6
16 32 3 10
16 33 3 6
16 34 8 9
16 35 7 6
16 36 6 10
16 37 3 7
16 39 5 1
16 40 8 10
16 41 6 4
16 42 3 5
16 43 5 10
16 44 5 6
16 45 10 6
16 46 10 4
16 47 10 4
16 48 1 8
16 52 1 8
16 53 3 9
16 54 1 7
16 55 6 1
16 56 5 10
16 58 3 8
16 59 4 3
16 60 8 7
16 61 2 7
16 62 9 5
16 63 7 1
16 64 8 6
16 65 10 1
16 66 7 2
16 67 10 3
16 68 6 3
16 69 8 3
16 70 8 1
16 71 9 10
16 72 5 7
16 73 6 4
16 74 2 7
16 75 1 5
16 76 6 1
16 77 5 9
16 78 10 2
16 79 10 2
16 80 9 6
16 81 8 1
16 82 1 9
16 83 9 6
16 84 10 6
16 85 9 8
16 86 2 9
16 87 6 5
16 90 4 6
16 92 3 8
16 94 10 1
16 96 5 3
16 97 2 6
16 99 4 8
16 100 5 10
17 18 10 6
17 19 8 2
17 20 5 4
17 21 5 1
17 22 1 2
17 23 9 7
17 25 6 3
17 26 4 1
17 27 4 7
17 28 9 10
17 29 6 6
17 30 2 4
17 31 5 8
17 32 9 9
17 33 10 3
17 34 9 2
17 35 10 2
17 36 4 3
17 37 6 4
17 38 1 2
17 39 7 4
17 40 5 9
17 41 9 9
17 42 2 3
17 43 8 8
17 44 4 3
17 45 7 8
17 46 4 4
17 47 4 9
17 48 3 7
17 49 2 5
17 50 1 2
17 51 2 2
17 52 6 2
17 53 7 6
17 54 4 2
17 55 7 7
17 56 1 1
17 57 4 8
17 58 10 8
17 59 7 10
17 60 2 7
17 61 7 7
17 62 9 3
17 63 6 2
17 64 7 10
17 65 3 1
17 66 6 9
17 67 9 10
17 68 7 10
17 69 2 9
17 70 9 2
17 71 10 9
17 73 1 9
17 74 6 2
17 75 8 10
17 76 9 1
17 77 7 10
17 78 8 3
17 80 8 9
17 81 1 3
17 82 4 10
17 83 4 3
17 84 7 8
17 85 6 8
17 86 7 6
17 87 3 7
17 88 1 1
17 89 5 2
17 90 4 1
17 91 10 9
17 92 9 5
17 93 2 4
17 94 3 6
17 95 5 4
17 96 3 5
17 97 2 5
17 98 4 7
17 99 10 6
17 100 7 1
18 19 1 4
18 20 3 6
18 22 6 7
18 23 8 5
18 24 1 3
18 25 4 6
18 26 3 9
18 27 2 2
18 28 3 6
18 29 6 10
18 32 4 8
18 34 3 7
18 35 4 10
18 36 5 2
18 37 7 7
18 38 7 4
18 39 1 7
18 40 2 5
18 41 2 5
18 42 10 6
18 43 7 5
18 44 10 9
18 46 6 1
18 47 7 8
18 48 8 6
18 49 7 6
18 50 3 10
18 51 7 9
18 52 8 4
18 53 7 4
18 54 9 10
18 55 4 10
18 56 6 9
18 57 10 2
18 58 1 6
18 60 10 1
18 61 10 5
18 62 6 1
18 63 3 2
18 64 5 8
18 66 10 6
18 67 1 5
18 68 2 7
18 69 5 10
18 70 5 6
18 71 8 4
18 72 5 5
18 74 8 2
18 75 8 5
18 76 3 2
18 77 8 9
18 78 10 6
18 79 9 3
18 80 4 8
18 81 6 8
18 82 7 2
18 83 1 4
18 84 7 1
18 85 9 3
18 86 2 8
18 87 7 1
18 88 6 10
18 91 7 7
18 92 5 4
18 93 8 5
18 94 5 8
18 95 9 7
18 96 10 5
18 97 7 8
18 98 8 8
18 99 10 5
18 100 1 3
19 20 7 9
19 21 3 3
19 22 10 2
19 23 3 3
19 24 5 9
19 25 5 4
19 26 4 6
19 27 5 10
19 29 1 5
19 30 2 5
19 31 9 7
19 32 3 4
19 33 9 6
19 34 6 9
19 35 10 7
19 37 4 9
19 39 6 5
19 40 6 2
19 41 7 2
19 42 6 5
19 43 7 2
19 45 7 2
19 47 1 9
19 48 5 9
19 49 7 3
19 50 6 8
19 51 1 9
19 53 5 4
19 55 10 7
19 56 9 8
19 57 2 2
19 58 6 7
19 60 7 3
19 61 5 2
19 62 9 8
19 64 6 3
19 65 10 8
19 67 7 4
19 68 10 6
19 69 3 9
19 70 4 1
19 71 3 2
19 72 9 5
19 74 3 10
19 75 5 7
19 76 7 9
19 78 8 1
19 79 10 6
19 80 5 6
19 81 8 8
19 82 7 6
19 83 2 3
19 84 6 7
19 85 3 4
19 86 5 9
19 87 4 8
19 88 2 6
19 89 3 3
19 90 7 9
19 91 2 3
19 92 9 6
19 93 7 4
19 94 8 1
19 96 9 7
19 97 7 3
19 98 3 4
19 99 5 10
19 100 3 9
20 21 2 9
20 22 5 4
20 23 6 8
20 24 5 2
20 26 9 8
20 27 3 3
20 28 2 6
20 29 5 9
20 30 1 9
20 31 2 4
20 33 3 9
20 34 9 3
20 35 3 5
20 36 1 7
20 37 8 4
20 38 4 10
20 39 9 3
20 40 3 2
20 41 2 4
20 42 4 9
20 43 8 4
20 44 3 8
20 45 1 2
20 46 6 8
20 48 9 7
20 49 6 10
20 50 1 4
20 51 6 4
20 52 1 3
20 53 2 10
20 54 7 10
20 55 7 1
20 56 3 5
20 57 8 3
20 58 4 6
20 59 4 4
20 60 4 10
20 61 2 1
20 62 2 9
20 63 3 4
20 64 7 9
20 65 2 5
20 66 6 5
20 67 1 3
20 68 3 6
20 69 3 8
20 70 5 9
20 71 7 3
20 73 6 10
20 74 9 9
20 75 1 2
20 78 7 5
20 79 4 9
20 81 1 7
20 82 9 4
20 83 5 9
20 84 6 10
20 85 8 10
20 86 10 7
20 87 6 9
20 88 6 4
20 89 7 7
20 90 5 7
20 91 10 1
20 93 9 1
20 94 7 8
20 95 5 6
20 96 3 4
20 97 2 9
20 98 1 5
20 99 9 8
20 100 6 4
21 23 3 1
21 24 4 6
21 25 9 2
21 26 10 2
21 27 8 8
21 28 7 1
21 29 10 9
21 31 7 10
21 32 7 9
21 34 4 3
21 35 3 8
21 36 9 6
21 37 6 4
21 38 9 9
21 39 9 8
21 40 6 8
21 41 10 5
21 42 10 1
21 43 1 3
21 44 5 10
21 45 7 1
21 46 5 8
21 47 5 7
21 48 1 1
21 49 2 2
21 50 3 2
21 51 8 5
21 52 1 3
21 53 4 3
21 54 7 7
21 55 6 3
21 56 5 4
21 57 3 5
21 58 10 10
21 59 6 10
21 60 7 6
21 61 6 1
21 62 10 10
21 63 9 6
21 64 9 8
21 65 3 5
21 66 6 3
21 67 1 2
21 68 7 3
21 69 10 6
21 70 1 4
21 72 4 6
21 74 6 9
21 75 1 3
21 76 4 5
21 77 3 6
21 78 8 9
21 79 9 4
21 80 4 1
21 81 4 7
21 82 4 6
21 83 3 3
21 84 10 2
21 85 3 8
21 86 8 7
21 87 3 7
21 88 2 9
21 89 8 3
21 90 1 3
21 92 5 3
21 93 5 3
21 94 2 8
21 96 1 2
21 97 10 8
21 98 4 2
21 99 2 1
21 100 10 10
22 23 10 5
22 24 5 6
22 26 8 1
22 27 2 9
22 28 10 7
22 29 1 10
22 30 3 10
22 31 2 3
22 32 6 4
22 33 4 1
22 34 6 3
22 35 1 4
22 36 2 1
22 37 8 6
22 39 1 6
22 40 7 6
22 41 6 4
22 42 6 2
22 44 6 7
22 45 3 3
22 46 4 10
22 48 2 9
22 49 3 9
22 50 7 1
22 51 8 7
22 52 5 9
22 53 6 7
22 54 1 4
22 55 10 3
22 56 10 6
22 57 8 3
22 58 5 1
22 59 4 10
22 60 6 8
22 61 2 1
22 62 2 7
22 63 5 1
22 64 8 3
22 65 9 2
22 66 8 5
22 67 7 6
22 68 2 7
22 69 2 7
22 70 1 6
22 71 5 7
22 72 6 1
22 73 3 9
22 74 5 2
22 75 10 9
22 76 6 8
22 77 1 10
22 78 5 4
22 79 9 2
22 80 3 6
22 81 6 3
22 82 2 2
22 83 8 4
22 84 3 7
22 85 1 2
22 86 9 10
22 87 8 6
22 88 4 1
22 89 3 8
22 90 2 10
22 91 9 9
22 92 3 8
22 93 6 9
22 94 1 7
22 95 3 2
22 96 10 1
22 97 10 7
22 98 1 1
22 99 6 10
22 100 1 5
23 24 9 1
23 25 6 4
23 26 10 8
23 27 9 3
23 28 5 10
23 29 5 7
23 30 1 6
23 31 10 7
23 33 1 9
23 34 9 9
23 35 1 9
23 37 1 3
23 38 1 8
23 39 3 10
23 40 10 9
23 41 5 9
23 42 3 6
23 43 6 2
23 44 6 3
23 45 1 8
23 46 1 1
23 47 5 2
23 48 2 4
23 49 3 10
23 50 3 1
23 51 1 6
23 52 4 4
23 53 1 2
23 54 9 10
23 55 5 1
23 56 7 8
23 57 9 4
23 59 3 5
23 60 7 7
23 61 8 1
23 62 3 4
23 63 9 8
23 64 8 2
23 65 6 4
23 66 7 5
23 67 7 5
23 68 8 1
23 69 7 1
23 70 3 6
23 71 2 1
23 72 5 1
23 73 5 2
23 74 10 1
23 75 1 2
23 76 7 8
23 77 1 6
23 78 10 9
23 79 2 2
23 80 3 6
23 81 1 7
23 82 9 10
23 83 9 1
23 84 4 4
23 85 3 4
23 86 2 5
23 89 10 5
23 90 2 1
23 91 3 3
23 92 1 2
23 94 3 10
23 95 7 8
23 96 2 3
23 97 9 3
23 98 10 8
23 99 7 4
23 100 10 6
24 26 10 6
24 27 2 7
24 28 10 2
24 29 10 8
24 30 3 4
24 31 9 1
24 32 6 10
24 34 10 9
24 35 5 3
24 36 4 5
24 37 10 3
24 38 1 3
24 39 9 8
24 40 3 10
24 41 4 10
24 42 2 3
24 44 3 5
24 45 8 8
24 46 2 1
24 47 5 5
24 48 9 5
24 49 1 5
24 50 4 4
24 51 3 3
24 52 9 10
24 53 7 6
24 54 5 3
24 56 4 6
24 57 7 1
24 59 9 3
24 60 4 8
24 61 1 1
24 62 1 4
24 63 5 3
24 64 7 4
24 65 9 6
24 66 5 3
24 67 4 5
24 68 4 8
24 69 5 6
24 70 5 5
24 71 2 2
24 72 6 7
24 73 6 6
24 74 7 10
24 75 8 1
24 76 9 1
24 77 4 4
24 78 8 3
24 79 8 4
24 80 7 10
24 81 2 1
24 82 8 5
24 83 5 1
24 84 10 8
24 85 2 1
24 86 5 8
24 87 4 4
24 88 7 7
24 89 6 9
24 90 6 1
24 91 10 5
24 92 8 9
24 93 6 10
24 95 2 1
24 96 10 8
24 97 6 2
24 98 4 4
24 99 8 5
24 100 6 9
27 28 6 1
27 29 7 10
27 31 10 7
27 32 1 3
27 33 7 7
27 34 7 4
27 35 5 10
27 36 10 7
27 37 6 2
27 38 4 4
27 39 10 2
27 40 10 7
27 43 3 9
27 44 4 7
27 46 3 5
27 47 5 1
27 48 9 6
27 49 3 9
27 50 9 4
27 51 3 6
27 52 9 3
27 53 5 2
27 54 8 6
27 55 9 2
27 56 1 3
27 57 4 7
27 58 10 4
27 59 4 3
27 60 1 6
27 61 2 10
27 63 8 1
27 64 4 7
27 65 5 5
27 66 9 9
27 67 2 2
27 68 4 2
27 71 7 8
27 72 7 5
27 73 4 9
27 74 3 2
27 75 7 7
27 76 8 7
27 77 4 1
27 78 10 6
27 79 3 9
27 80 10 5
27 81 5 5
27 82 9 1
27 83 4 2
27 84 5 10
27 85 3 7
27 86 7 9
27 87 7 3
27 88 4 8
27 89 1 3
27 90 9 6
27 91 4 4
27 92 7 9
27 93 2 2
27 94 7 6
27 95 6 8
27 96 6 3
27 97 9 1
27 98 5 4
27 99 5 2
28 29 1 8
28 30 6 10
28 31 7 4
28 32 3 6
28 33 10 7
28 34 9 10
28 36 8 1
28 37 2 3
28 38 9 2
28 39 6 2
28 40 3 3
28 41 1 6
28 42 6 10
28 43 9 3
28 45 9 9
28 46 8 2
28 47 3 5
28 49 2 10
28 50 4 1
28 51 4 7
28 52 9 6
28 53 3 1
28 54 6 10
28 55 8 7
28 56 2 8
28 57 10 1
28 58 2 1
28 59 2 10
28 60 10 5
28 61 7 7
28 62 10 7
28 63 9 5
28 64 10 2
28 65 10 6
28 66 3 5
28 67 5 3
28 68 9 2
28 69 8 6
28 70 7 4
28 71 7 4
28 72 8 2
28 73 5 5
28 74 2 4
28 76 4 6
28 77 3 10
28 79 6 3
28 81 3 4
28 83 4 9
28 84 7 3
28 85 2 6
28 86 3 8
28 87 8 10
28 88 7 8
28 89 2 2
28 90 1 7
28 91 9 3
28 92 4 4
28 93 6 2
28 94 7 9
28 95 6 1
28 96 3 3
28 97 4 4
28 99 10 10
29 30 9 9
29 31 8 10
29 32 7 4
29 35 8 6
29 36 10 8
29 37 6 7
29 38 6 3
29 39 2 10
29 40 2 4
29 41 3 8
29 42 1 9
29 43 9 9
29 44 4 7
29 45 3 2
29 46 4 3
29 47 3 2
29 48 10 9
29 50 6 6
29 51 5 7
29 53 4 7
29 54 6 3
29 55 6 5
29 56 1 10
29 57 3 10
29 58 8 5
29 59 9 7
29 60 10 9
29 61 4 1
29 62 2 7
29 63 1 2
29 64 9 6
29 65 2 6
29 67 10 6
29 68 2 6
29 69 1 7
29 70 5 7
29 71 1 2
29 72 9 2
29 73 3 4
29 74 10 3
29 75 7 10
29 77 4 10
29 78 7 3
29 79 3 7
29 80 7 7
29 81 10 3
29 82 2 7
29 83 1 7
29 84 2 1
29 85 8 10
29 86 6 3
29 87 7 4
29 88 8 5
29 89 1 7
29 90 9 4
29 91 4 1
29 92 10 8
29 93 3 3
29 94 7 4
29 96 4 2
29 97 9 4
29 98 4 4
29 99 10 2
30 31 9 5
30 32 1 10
30 33 4 2
30 34 7 10
30 35 4 7
30 36 7 3
30 37 7 3
30 38 7 7
30 40 6 1
30 41 1 9
30 42 5 6
30 43 2 1
30 45 9 9
30 46 5 4
30 47 10 5
30 49 1 1
30 50 6 9
30 51 2 10
30 52 9 7
30 53 9 8
30 54 5 6
30 55 10 7
30 56 3 1
30 57 9 7
30 58 6 8
30 59 5 9
30 61 6 10
30 62 6 3
30 63 8 10
30 64 2 10
30 65 10 5
30 66 4 10
30 67 2 9
30 69 9 4
30 70 6 9
30 71 4 6
30 72 2 5
30 73 4 10
30 74 6 6
30 75 8 8
30 76 8 10
30 77 4 3
30 78 4 1
30 79 1 1
30 80 2 10
30 81 1 2
30 82 8 2
30 83 3 2
30 85 2 9
30 86 1 1
30 87 10 7
30 88 2 5
30 89 1 8
30 91 6 4
30 92 9 5
30 93 1 4
30 94 8 7
30 95 8 3
30 96 9 2
30 97 10 5
30 98 7 9
30 99 8 8
30 100 3 8
31 33 4 3
31 34 8 3
31 35 6 3
31 36 4 8
31 38 9 5
31 39 7 1
31 40 7 6
31 41 6 1
31 42 5 8
31 43 4 7
31 44 5 9
31 45 5 2
31 46 8 10
31 47 1 10
31 48 4 10
31 49 4 7
31 50 9 9
31 51 1 1
31 52 1 2
31 53 1 9
31 54 9 6
31 55 7 6
31 57 7 10
31 58 3 10
31 59 3 4
31 60 9 3
31 61 3 10
31 62 1 1
31 63 1 5
31 64 3 9
31 66 4 10
31 67 6 2
31 68 6 2
31 69 4 8
31 70 2 9
31 72 2 4
31 74 1 8
31 75 2 5
31 76 9 5
31 77 1 5
31 79 10 3
31 80 3 7
31 81 9 8
31 83 4 7
31 84 3 4
31 85 10 5
31 86 2 8
31 87 2 9
31 88 5 4
31 89 2 3
31 91 4 8
31 92 5 8
31 93 3 9
31 94 10 4
31 95 10 9
31 96 2 7
31 97 6 8
31 99 9 7
32 33 10 7
32 34 4 2
32 35 2 5
32 36 1 3
32 37 5 10
32 38 5 3
32 39 2 6
32 40 1 8
32 41 8 9
32 42 8 9
32 44 4 5
32 45 5 8
32 46 7 1
32 47 2 7
32 48 8 9
32 49 8 1
32 50 10 4
32 51 8 6
32 52 4 2
32 53 8 6
32 54 10 7
32 55 7 7
32 56 10 4
32 57 8 8
32 58 9 3
32 59 3 3
32 60 5 1
32 61 7 3
32 62 5 4
32 63 8 4
32 64 2 8
32 65 3 5
32 66 5 8
32 67 3 10
32 68 3 6
32 69 8 3
32 70 4 9
32 71 8 2
32 72 6 4
32 74 7 2
32 75 1 8
32 76 3 3
32 78 6 6
32 79 10 2
32 80 2 9
32 81 5 4
32 82 1 5
32 83 5 8
32 84 4 7
32 85 6 9
32 86 1 9
32 87 1 9
32 88 3 2
32 90 1 7
32 91 2 6
32 92 3 1
32 93 8 2
32 94 8 6
32 95 2 8
32 96 8 1
32 97 4 10
32 98 8 5
32 99 1 3
32 100 3 5
33 34 9 9
33 35 1 9
33 36 6 1
33 37 4 4
33 38 3 6
33 39 8 10
33 40 9 1
33 41 5 7
33 43 6 8
33 44 6 3
33 46 2 3
33 47 2 5
33 48 9 4
33 50 7 2
33 51 4 1
33 52 6 4
33 53 9 6
33 54 9 6
33 55 7 9
33 56 4 1
33 57 7 2
33 58 5 3
33 60 7 8
33 62 7 1
33 63 9 6
33 64 1 4
33 65 8 5
33 66 1 4
33 67 8 7
33 69 4 5
33 70 1 7
33 71 8 8
33 72 7 4
33 73 7 4
33 74 9 7
33 75 2 3
33 76 4 7
33 77 6 8
33 79 1 2
33 80 2 3
33 81 7 4
33 82 4 9
33 83 1 4
33 84 10 9
33 85 9 3
33 86 1 4
33 87 1 5
33 88 2 10
33 89 2 2
33 90 7 5
33 91 5 7
33 92 2 5
33 93 5 10
33 94 7 10
33 95 8 2
33 96 10 6
33 97 2 9
33 98 6 9
33 99 4 4
33 100 8 8
34 35 3 3
34 37 6 2
34 38 8 4
34 39 2 4
34 40 5 2
34 41 1 5
34 42 5 1
34 43 3 8
34 44 1 3
34 45 2 1
34 46 5 3
34 47 4 2
34 48 2 3
34 49 3 4
34 50 8 8
34 51 8 6
34 52 1 3
34 53 3 3
34 54 3 5
34 55 10 7
34 56 5 7
34 57 8 10
34 58 2 2
34 59 7 7
34 60 6 10
34 61 1 6
34 62 4 9
34 63 5 3
34 64 2 4
34 65 4 8
34 66 3 4
34 67 5 6
34 68 5 5
34 69 9 6
34 70 2 5
34 71 4 9
34 72 1 4
34 73 7 7
34 74 4 3
34 75 4 4
34 76 5 9
34 77 10 7
34 79 3 2
34 80 1 9
34 81 10 3
34 82 5 8
34 83 4 4
34 84 3 6
34 85 5 6
34 86 10 4
34 87 8 8
34 88 2 7
34 90 9 5
34 91 8 5
34 92 6 8
34 93 1 9
34 96 6 9
34 97 8 6
34 98 3 4
34 99 10 6
34 100 9 6
35 36 2 1
35 37 8 6
35 38 6 5
35 39 5 4
35 40 8 10
35 41 3 3
35 42 6 3
35 43 6 8
35 44 7 8
35 45 6 3
35 46 2 10
35 47 9 10
35 48 9 10
35 49 7 5
35 51 1 4
35 52 4 8
35 53 8 2
35 54 7 10
35 55 8 10
35 56 10 6
35 57 9 9
35 58 2 6
35 59 6 4
35 62 4 2
35 63 9 5
35 64 4 1
35 65 4 10
35 67 7 3
35 68 9 2
35 69 6 1
35 70 9 10
35 71 1 4
35 72 6 9
35 73 8 9
35 74 10 3
35 75 4 6
35 76 9 6
35 78 5 9
35 79 2 10
35 80 2 4
35 81 9 4
35 82 9 4
35 84 6 2
35 87 4 5
35 88 3 7
35 89 7 10
35 91 8 6
35 92 2 3
35 93 3 9
35 94 7 1
35 95 2 1
35 96 3 5
35 97 5 3
35 98 6 8
35 99 5 9
35 100 7 8
36 37 9 7
36 38 4 9
36 39 9 6
36 40 4 6
36 41 4 8
36 42 8 3
36 43 6 5
36 44 10 4
36 45 3 6
36 46 7 2
36 47 5 1
36 49 8 5
36 50 2 9
36 51 10 5
36 52 7 7
36 53 7 5
36 54 4 10
36 55 1 3
36 56 5 1
36 57 2 2
36 58 3 6
36 59 10 9
36 60 4 6
36 61 8 3
36 62 3 7
36 63 5 1
36 64 10 3
36 65 1 1
36 66 8 10
36 67 2 6
36 68 6 9
36 69 3 2
36 70 6 3
36 71 8 2
36 72 3 8
36 73 1 9
36 74 7 4
36 75 8 9
36 76 10 8
36 77 7 2
36 78 2 3
36 79 4 10
36 80 4 8
36 81 10 3
36 82 10 10
36 83 3 8
36 84 8 9
36 86 6 9
36 87 10 8
36 88 3 6
36 89 6 7
36 90 6 4
36 91 5 8
36 92 1 5
36 93 7 3
36 94 3 1
36 95 9 1
36 96 7 7
36 97 10 1
36 98 5 1
36 99 5 6
36 100 8 2
37 38 2 8
37 39 3 10
37 40 3 4
37 41 5 3
37 42 4 10
37 43 8 10
37 44 10 5
37 45 3 6
37 47 6 8
37 48 6 8
37 49 10 7
37 50 3 9
37 51 8 2
37 52 9 10
37 53 6 5
37 54 10 1
37 55 6 3
37 56 8 6
37 57 6 1
37 59 3 7
37 61 3 3
37 62 6 4
37 63 8 8
37 64 9 1
37 66 7 7
37 67 4 4
37 68 8 7
37 69 3 3
37 70 4 5
37 71 5 6
37 72 2 7
37 73 1 5
37 74 2 4
37 75 7 5
37 76 8 10
37 77 7 9
37 78 5 1
37 79 3 9
37 80 9 5
37 81 8 5
37 82 8 6
37 83 9 2
37 84 6 3
37 85 5 8
37 86 5 10
37 87 3 7
37 88 8 1
37 89 7 1
37 90 8 2
37 91 3 1
37 92 7 1
37 93 9 3
37 94 1 9
37 95 2 2
37 96 9 10
37 97 5 7
37 98 4 3
37 99 3 10
37 100 5 9
38 40 4 7
38 41 9 3
38 42 4 5
38 43 9 9
38 44 1 10
38 45 5 10
38 46 9 5
38 47 5 8
38 48 2 1
38 49 1 6
38 50 6 3
38 51 2 5
38 52 9 4
38 54 6 8
38 55 5 5
38 56 4 4
38 57 4 3
38 58 2 4
38 59 7 1
38 60 6 3
38 61 3 4
38 62 2 5
38 63 3 2
38 64 6 2
38 65 10 9
38 66 1 6
38 67 7 9
38 68 4 7
38 69 5 4
38 70 7 6
38 71 4 2
38 73 2 5
38 74 5 3
38 75 2 1
38 76 7 6
38 77 1 2
38 78 6 8
38 79 3 1
38 80 2 10
38 81 3 2
38 82 1 2
38 83 9 5
38 86 6 4
38 87 2 4
38 88 5 6
38 89 2 7
38 90 5 10
38 91 7 2
38 93 2 8
38 94 1 8
38 95 9 5
38 96 6 7
38 97 1 2
38 98 7 10
38 99 7 5
38 100 7 4
39 41 3 5
39 42 5 10
39 43 10 10
39 44 5 4
39 45 8 5
39 46 2 3
39 47 7 5
39 48 4 4
39 49 4 3
39 50 5 9
39 51 7 9
39 52 8 3
39 53 1 8
39 54 9 10
39 55 8 8
39 57 6 7
39 58 10 2
39 59 8 10
39 60 6 3
39 61 10 5
39 62 8 9
39 63 9 9
39 64 10 9
39 65 3 7
39 66 10 5
39 67 1 1
39 69 9 3
39 70 8 3
39 71 1 3
39 72 9 10
39 73 5 5
39 74 6 2
39 75 4 2
39 77 6 2
39 78 7 7
39 79 3 6
39 80 10 7
39 81 10 3
39 82 8 8
39 83 9 9
39 84 10 2
39 85 9 4
39 86 2 4
39 87 2 8
39 88 9 1
39 89 2 6
39 90 1 10
39 92 9 9
39 93 5 3
39 94 1 5
39 95 4 5
39 96 6 5
39 97 3 7
39 98 6 5
39 99 2 4
39 100 8 3
40 41 8 3
40 42 3 3
40 43 1 5
40 44 10 4
40 45 1 10
40 46 2 4
40 48 6 7
40 49 10 10
40 50 8 5
40 51 1 5
40 52 9 8
40 53 9 2
40 54 9 3
40 55 10 7
40 57 1 4
40 58 9 10
40 59 8 1
40 60 1 8
40 61 7 3
40 62 9 6
40 63 8 6
40 64 3 10
40 65 6 2
40 66 8 3
40 67 6 6
40 68 7 3
40 69 9 9
40 70 1 8
40 71 8 10
40 72 4 8
40 73 2 2
40 75 6 8
40 76 8 10
40 77 10 1
40 78 5 5
40 79 9 6
40 80 9 2
40 81 4 3
40 82 4 7
40 83 3 2
40 84 1 1
40 85 3 7
40 86 9 10
40 87 5 10
40 88 9 10
40 89 6 10
40 90 9 6
40 91 4 1
40 92 10 10
40 93 4 6
40 95 9 3
40 96 4 7
40 98 2 2
40 99 7 1
41 42 8 1
41 43 1 1
41 46 7 2
41 47 1 6
41 48 2 3
41 49 10 2
41 50 3 10
41 51 2 5
41 52 4 8
41 53 5 4
41 54 2 6
41 55 3 5
41 57 3 5
41 58 2 8
41 59 7 9
41 60 2 6
41 61 6 1
41 62 6 8
41 63 2 4
41 64 4 3
41 65 4 5
41 66 2 3
41 67 2 10
41 68 3 9
41 69 10 4
41 70 9 1
41 71 8 7
41 72 9 10
41 73 4 9
41 74 10 2
41 75 3 9
41 77 8 8
41 78 1 1
41 79 6 8
41 81 10 10
41 84 1 5
41 85 10 2
41 86 7 6
41 87 6 6
41 88 9 10
41 89 7 9
41 90 6 9
41 91 4 3
41 92 2 1
41 93 9 7
41 95 7 4
41 96 7 6
41 97 8 7
41 98 4 4
41 100 5 8
42 43 4 3
42 44 4 8
42 45 3 4
42 47 4 3
42 48 4 4
42 49 4 8
42 50 7 7
42 51 7 1
42 52 7 3
42 53 9 6
42 54 4 9
42 55 9 9
42 56 10 5
42 57 7 7
42 58 5 2
42 59 6 6
42 60 6 8
42 61 2 9
42 62 6 8
42 63 5 2
42 64 3 8
42 65 9 4
42 66 1 6
42 67 4 1
42 68 7 10
42 69 2 1
42 70 8 4
42 71 10 8
42 72 8 9
42 73 2 5
42 74 10 2
42 75 1 2
42 76 1 10
42 78 9 1
42 79 5 7
42 80 10 5
42 81 4 9
42 82 8 7
42 83 7 4
42 84 8 8
42 85 2 3
42 86 7 3
42 87 7 8
42 88 7 9
42 89 5 5
42 91 6 5
42 92 6 7
42 93 4 8
42 94 8 10
42 95 1 5
42 96 7 4
42 97 9 8
42 98 5 7
42 99 7 8
42 100 10 6
43 44 1 6
43 45 3 2
43 46 6 5
43 47 3 8
43 48 4 10
43 49 3 9
43 50 3 6
43 51 5 9
43 52 3 10
43 55 9 5
43 56 6 7
43 57 7 5
43 58 6 2
43 59 8 1
43 61 9 6
43 62 8 2
43 63 4 1
43 64 5 7
43 65 7 5
43 66 3 10
43 67 5 2
43 69 8 10
43 71 3 10
43 72 4 5
43 73 3 5
43 74 9 2
43 76 5 10
43 78 9 7
43 79 1 1
43 80 7 9
43 81 7 8
43 82 9 3
43 83 10 9
43 84 9 4
43 85 1 1
43 86 3 4
43 88 1 10
43 89 3 8
43 90 6 8
43 92 9 10
43 93 2 9
43 94 4 6
43 95 6 2
43 96 3 3
43 97 9 6
43 98 1 2
43 99 5 8
43 100 3 8
44 45 8 2
44 46 9 8
44 47 6 3
44 48 7 3
44 49 6 3
44 51 7 7
44 52 7 7
44 53 5 4
44 54 8 2
44 55 4 10
44 56 9 8
44 57 1 6
44 58 7 5
44 59 10 10
44 60 8 1
44 61 3 9
44 62 8 3
44 63 5 3
44 64 2 3
44 65 3 5
44 66 8 5
44 67 2 10
44 68 5 6
44 69 8 9
44 70 6 4
44 71 5 3
44 72 4 1
44 73 8 5
44 76 8 6
44 78 10 4
44 79 6 5
44 80 9 3
44 81 2 4
44 82 9 6
44 83 8 6
44 84 10 3
44 85 2 8
44 87 5 6
44 89 3 2
44 90 9 3
44 91 5 3
44 92 3 2
44 93 9 9
44 94 2 6
44 95 6 5
44 96 2 9
44 97 7 5
44 98 10 10
44 99 8 5
44 100 1 9
45 46 1 7
45 47 3 10
45 48 9 2
45 49 4 6
45 50 10 2
45 52 4 1
45 53 6 3
45 54 6 6
45 55 6 3
45 56 5 1
45 57 8 4
45 58 1 3
45 59 5 3
45 60 2 9
45 61 8 10
45 62 9 1
45 63 10 1
45 64 4 9
45 65 1 5
45 66 3 9
45 67 6 6
45 68 7 3
45 69 10 10
45 70 2 4
45 71 2 7
45 72 4 3
45 73 4 10
45 74 6 10
45 75 1 10
45 76 9 8
45 77 1 7
45 78 9 3
45 79 9 6
45 80 9 5
45 81 8 9
45 82 3 10
45 83 2 2
45 84 4 7
45 85 3 2
45 86 5 2
45 87 5 8
45 88 4 4
45 89 1 2
45 90 7 1
45 91 6 7
45 92 2 5
45 93 1 4
45 94 4 6
45 95 5 6
45 96 1 5
45 97 4 9
45 98 4 9
45 99 8 10
45 100 6 9
46 47 5 10
46 48 2 4
46 49 9 1
46 50 7 4
46 51 7 10
46 52 8 1
46 53 9 1
46 54 6 5
46 55 3 7
46 56 6 3
46 57 10 8
46 58 8 4
46 59 7 5
46 60 2 9
46 61 8 5
46 62 9 7
46 63 6 5
46 64 10 3
46 66 3 1
46 67 5 2
46 68 7 6
46 69 8 5
46 70 4 5
46 71 1 7
46 72 3 10
46 73 7 4
46 74 3 7
46 75 8 4
46 76 9 9
46 78 5 7
46 79 4 7
46 80 8 3
46 81 9 3
46 82 2 6
46 83 6 5
46 84 10 3
46 85 10 9
46 86 10 1
46 88 1 1
46 89 10 5
46 90 8 3
46 91 7 1
46 92 5 4
46 93 5 1
46 94 6 6
46 95 2 10
46 96 5 3
46 97 3 1
46 98 10 10
46 99 7 3
46 100 4 2
47 49 7 8
47 50 3 7
47 52 1 10
47 53 10 10
47 54 7 1
47 56 8 9
47 57 1 2
47 59 7 7
47 60 5 5
47 62 3 4
47 63 9 3
47 64 2 5
47 65 3 8
47 67 7 5
47 68 9 3
47 69 2 2
47 70 10 3
47 71 5 6
47 72 3 1
47 73 8 1
47 74 5 3
47 75 1 1
47 76 8 1
47 77 9 2
47 78 2 6
47 79 3 4
47 80 3 7
47 81 4 7
47 82 3 2
47 83 9 2
47 84 8 5
47 85 7 5
47 86 8 3
47 87 8 6
47 88 2 9
47 89 5 5
47 90 9 4
47 91 9 6
47 92 5 8
47 93 9 7
47 94 4 5
47 96 4 1
47 97 3 6
47 98 4 8
47 99 10 3
47 100 7 10
48 49 6 3
48 51 5 3
48 52 1 8
48 53 5 5
48 54 2 8
48 55 3 10
48 56 2 5
48 57 7 5
48 58 3 8
48 59 3 3
48 60 3 5
48 61 8 2
48 62 9 6
48 63 6 2
48 64 2 6
48 65 8 3
48 66 8 7
48 67 2 10
48 68 3 5
48 70 8 4
48 71 7 1
48 73 2 8
48 74 5 9
48 75 4 8
48 78 7 10
48 79 3 3
48 80 6 1
48 81 2 1
48 82 9 4
48 83 2 1
48 84 3 6
48 85 8 4
48 86 4 9
48 87 10 9
48 88 6 5
48 89 10 6
48 90 2 2
48 91 8 5
48 92 9 4
48 93 4 2
48 94 8 6
48 95 4 8
48 96 4 10
48 97 5 5
48 98 2 3
48 99 7 1
48 100 9 5
50 51 4 10
50 52 1 7
50 53 9 4
50 54 9 4
50 57 2 4
50 58 4 2
50 59 3 9
50 60 6 9
50 61 6 10
50 63 8 10
50 64 4 4
50 65 5 3
50 66 4 3
50 68 1 7
50 69 6 7
50 70 7 8
50 71 5 2
50 72 1 9
50 73 8 5
50 74 1 1
50 76 2 2
50 77 3 2
50 78 4 7
50 79 1 8
50 80 5 8
50 81 3 1
50 82 5 1
50 83 7 8
50 84 5 7
50 85 3 3
50 86 4 7
50 87 7 2
50 88 9 10
50 89 5 9
50 90 7 3
50 91 7 9
50 92 9 5
50 93 5 3
50 94 2 1
50 95 3 2
50 96 7 1
50 97 6 2
50 98 4 10
50 99 3 1
50 100 4 2
51 53 7 8
51 54 9 9
51 55 8 6
51 56 1 8
51 57 8 10
51 59 1 6
51 60 9 4
51 61 9 8
51 62 4 9
51 63 3 9
51 64 8 6
51 65 3 7
51 66 7 9
51 67 1 7
51 68 7 4
51 69 3 1
51 71 10 4
51 72 1 8
51 73 7 9
51 75 10 1
51 76 9 10
51 78 9 7
51 79 7 6
51 81 6 7
51 82 7 8
51 83 3 3
51 84 2 5
51 85 8 8
51 86 5 1
51 88 8 5
51 89 1 6
51 90 7 6
51 91 5 4
51 92 5 9
51 93 9 3
51 94 8 9
51 97 9 7
51 98 8 3
51 99 7 3
52 53 8 8
52 54 2 8
52 55 9 7
52 56 5 8
52 57 7 4
52 58 2 6
52 59 5 5
52 60 8 8
52 61 4 3
52 64 9 7
52 65 7 2
52 66 10 7
52 67 10 7
52 68 4 7
52 69 2 1
52 70 5 6
52 71 6 1
52 73 7 1
52 74 3 5
52 75 3 5
52 78 8 1
52 79 5 7
52 80 2 10
52 81 2 2
52 82 9 5
52 83 9 2
52 85 10 7
52 86 2 3
52 87 4 9
52 89 10 7
52 90 6 10
52 91 3 10
52 92 1 4
52 93 6 4
52 94 7 2
52 95 8 1
52 96 2 2
52 97 6 5
52 99 4 10
52 100 1 7
53 54 6 5
53 55 10 10
53 57 6 2
53 58 3 8
53 59 4 3
53 60 4 6
53 61 9 10
53 62 5 3
53 63 8 5
53 64 7 9
53 65 7 4
53 66 10 5
53 67 5 3
53 69 8 2
53 70 5 3
53 71 10 4
53 72 3 5
53 73 1 9
53 74 9 3
53 75 3 7
53 76 10 7
53 77 4 7
53 78 8 5
53 79 8 10
53 80 5 8
53 81 8 3
53 82 5 5
53 83 5 10
53 84 4 2
53 85 4 8
53 86 2 2
53 87 3 8
53 88 2 7
53 89 2 8
53 90 7 4
53 91 10 3
53 92 2 10
53 93 8 3
53 94 5 2
53 95 7 9
53 96 6 5
53 97 3 5
53 98 6 1
53 100 2 8
54 55 10 2
54 56 7 2
54 57 2 9
54 58 2 7
54 59 5 4
54 60 3 5
54 61 5 8
54 62 2 4
54 63 1 1
54 64 2 2
54 65 10 8
54 66 2 3
54 67 3 5
54 68 8 2
54 69 10 1
54 71 1 3
54 73 1 9
54 74 9 2
54 75 5 5
54 76 8 8
54 77 8 9
54 78 8 10
54 79 1 7
54 80 9 10
54 81 4 10
54 82 8 4
54 83 3 7
54 84 4 3
54 85 8 4
54 86 4 5
54 88 8 5
54 89 1 3
54 90 6 2
54 91 3 2
54 92 5 8
54 93 4 5
54 94 3 1
54 95 5 2
54 96 9 6
54 97 10 6
54 98 1 6
54 99 4 2
54 100 10 7
55 57 2 2
55 58 6 6
55 59 1 7
55 60 2 6
55 62 5 5
55 63 3 8
55 65 8 6
55 67 2 3
55 68 5 6
55 69 5 6
55 70 10 4
55 72 3 3
55 73 10 2
55 74 9 9
55 75 1 3
55 76 6 10
55 77 5 2
55 79 8 7
55 80 5 6
55 81 8 4
55 83 8 1
55 84 3 4
55 85 4 7
55 86 2 3
55 87 4 4
55 88 4 4
55 89 4 7
55 90 8 7
55 92 7 1
55 93 10 4
55 95 4 7
55 98 5 7
55 99 10 8
55 100 8 10
56 57 2 7
56 58 2 10
56 59 8 2
56 60 9 6
56 61 10 10
56 63 5 7
56 64 8 1
56 65 5 4
56 66 2 1
56 67 10 1
56 68 6 10
56 69 6 2
56 70 1 7
56 71 8 1
56 73 5 6
56 74 9 5
56 75 9 8
56 76 1 9
56 77 5 8
56 78 1 2
56 79 7 9
56 80 9 9
56 81 6 4
56 82 9 7
56 83 2 3
56 84 2 9
56 85 3 8
56 86 1 6
56 87 10 8
56 88 3 10
56 90 9 10
56 91 8 3
56 92 6 9
56 93 10 1
56 94 6 6
56 96 9 7
56 97 1 9
56 98 5 8
56 99 1 7
56 100 7 9
57 59 3 4
57 60 7 8
57 61 9 10
57 62 3 7
57 65 6 10
57 66 2 1
57 68 8 4
57 69 10 9
57 71 7 9
57 72 4 3
57 73 2 8
57 75 1 6
57 76 3 5
57 77 7 8
57 78 8 8
57 79 2 3
57 81 2 9
57 82 8 1
57 83 5 9
57 84 10 9
57 86 3 10
57 87 7 4
57 88 5 8
57 89 5 8
57 90 7 3
57 91 8 7
57 92 10 9
57 93 4 5
57 94 2 2
57 95 2 3
57 96 8 1
57 97 2 5
57 98 3 5
57 99 9 6
58 60 5 9
58 62 7 6
58 63 9 3
58 64 8 3
58 65 8 7
58 66 4 8
58 68 1 10
58 69 4 1
58 70 8 9
58 71 7 7
58 72 8 5
58 73 5 3
58 74 5 1
58 76 6 6
58 77 7 10
58 78 7 10
58 79 3 3
58 80 5 10
58 81 4 5
58 82 6 9
58 83 4 8
58 84 8 2
58 85 2 8
58 86 5 4
58 88 8 1
58 89 9 2
58 90 1 9
58 91 7 10
58 92 4 9
58 93 2 10
58 94 3 3
58 95 5 9
58 96 8 10
58 97 8 4
58 98 4 2
58 99 10 1
58 100 9 9
59 60 6 3
59 61 1 10
59 62 2 6
59 63 2 8
59 64 3 1
59 65 6 1
59 66 8 4
59 67 10 9
59 68 4 7
59 69 5 10
59 70 1 7
59 71 8 9
59 72 7 7
59 73 9 9
59 74 8 5
59 75 4 4
59 76 4 10
59 77 3 3
59 78 4 1
59 79 2 10
59 80 9 4
59 81 2 1
59 82 7 4
59 83 4 6
59 85 9 4
59 86 1 5
59 88 8 9
59 89 7 1
59 90 2 3
59 91 5 10
59 92 7 8
59 93 1 1
59 94 3 9
59 95 2 1
59 96 9 1
59 97 6 3
59 99 3 9
59 100 2 6
60 61 10 6
60 62 1 8
60 63 1 7
60 64 8 3
60 65 8 5
60 66 6 10
60 67 8 7
60 68 7 10
60 69 2 4
60 71 8 5
60 72 2 6
60 73 7 3
60 74 10 8
60 75 4 8
60 76 8 1
60 77 8 4
60 79 10 2
60 80 8 5
60 81 9 3
60 82 5 6
60 84 7 10
60 85 1 2
60 86 2 10
60 87 2 1
60 88 1 10
60 89 4 4
60 90 6 1
60 91 9 4
60 92 8 7
60 93 2 10
60 94 1 3
60 95 4 8
60 96 3 7
60 97 2 2
60 100 1 8
61 62 3 1
61 63 8 7
61 64 5 8
61 65 9 5
61 66 3 2
61 67 6 5
61 68 8 7
61 69 8 7
61 70 4 7
61 71 3 3
61 72 1 5
61 74 3 6
61 75 1 1
61 76 4 8
61 77 1 4
61 78 6 2
61 79 10 8
61 81 8 10
61 82 9 7
61 84 7 2
61 85 7 10
61 86 6 5
61 87 5 8
61 88 7 1
61 89 3 5
61 90 9 7
61 91 4 7
61 92 2 9
61 93 7 6
61 95 10 3
61 96 3 5
61 98 10 4
61 99 6 2
61 100 10 1
62 63 8 5
62 64 4 10
62 66 8 1
62 67 8 7
62 68 7 3
62 69 4 6
62 70 9 6
62 71 10 6
62 72 4 10
62 73 10 7
62 74 1 7
62 75 5 10
62 76 3 1
62 77 9 2
62 79 2 9
62 80 6 5
62 81 3 9
62 82 9 4
62 83 10 4
62 84 10 5
62 85 2 10
62 86 9 7
62 87 5 3
62 88 7 5
62 89 2 4
62 90 10 9
62 91 5 3
62 92 3 7
62 93 7 2
62 94 6 9
62 95 8 6
62 96 5 4
62 97 5 7
62 98 4 7
62 99 6 4
62 100 1 9
63 64 4 2
63 65 5 10
63 67 3 6
63 68 5 9
63 69 6 2
63 70 9 2
63 71 9 2
63 72 1 7
63 73 5 10
63 74 2 1
63 75 4 2
63 76 8 9
63 78 9 2
63 79 3 8
63 80 6 1
63 81 6 3
63 82 9 3
63 83 4 2
63 85 5 1
63 86 6 6
63 87 2 10
63 88 6 7
63 89 10 3
63 90 5 7
63 91 10 9
63 92 8 1
63 93 2 1
63 94 6 3
63 95 6 1
63 96 4 10
63 97 9 3
63 98 5 6
63 100 4 7
64 65 6 4
64 66 3 8
64 67 8 3
64 68 10 6
64 70 4 1
64 72 8 2
64 73 1 5
64 74 7 1
64 75 9 1
64 76 10 10
64 77 1 9
64 78 8 6
64 79 3 9
64 80 3 7
64 81 6 5
64 83 5 1
64 85 4 2
64 86 8 9
64 87 1 2
64 88 8 4
64 89 9 4
64 92 3 2
64 93 7 4
64 94 1 6
64 95 5 8
64 96 8 5
64 97 3 7
64 98 7 9
64 99 6 8
64 100 5 1
65 66 1 7
65 67 1 9
65 68 10 1
65 69 4 9
65 70 1 4
65 71 3 4
65 72 5 6
65 73 4 4
65 74 5 9
65 75 5 3
65 76 9 4
65 77 3 5
65 78 4 5
65 79 4 8
65 80 7 1
65 81 10 10
65 82 8 9
65 83 6 7
65 84 5 8
65 85 4 1
65 86 6 2
65 90 8 3
65 91 8 7
65 92 7 9
65 93 7 10
65 95 7 4
65 98 9 9
65 99 1 9
65 100 4 6
66 67 6 9
66 68 4 2
66 69 4 5
66 70 4 1
66 72 8 8
66 73 6 4
66 74 7 3
66 75 3 1
66 76 6 5
66 78 6 9
66 79 8 4
66 81 9 8
66 82 6 7
66 83 8 4
66 84 4 4
66 87 10 2
66 88 5 10
66 89 7 2
66 91 7 7
66 93 9 7
66 94 5 6
66 95 7 9
66 96 7 2
66 98 3 3
66 99 5 4
66 100 2 1
67 68 6 9
67 69 9 10
67 70 1 7
67 71 4 5
67 72 1 4
67 74 7 3
67 75 2 4
67 76 4 8
67 77 8 6
67 78 9 8
67 79 2 1
67 81 7 7
67 82 4 1
67 83 7 10
67 84 8 1
67 85 5 2
67 86 10 6
67 87 3 1
67 88 4 1
67 90 7 7
67 91 6 3
67 92 5 3
67 93 1 4
67 94 4 6
67 96 3 9
67 97 6 2
67 98 2 6
67 99 1 8
67 100 3 9
69 70 6 8
69 72 1 7
69 73 3 4
69 74 10 10
69 76 4 8
69 77 3 10
69 78 2 5
69 80 5 10
69 82 4 4
69 83 4 10
69 84 3 2
69 85 6 5
69 86 9 3
69 87 2 8
69 88 5 5
69 89 8 4
69 90 7 6
69 92 2 10
69 93 5 1
69 95 7 3
69 97 6 8
69 98 6 5
69 99 10 9
69 100 1 8
70 71 3 2
70 72 6 10
70 73 1 9
70 74 8 5
70 75 5 4
70 77 8 8
70 78 8 5
70 79 1 4
70 80 4 9
70 81 4 9
70 82 10 9
70 83 8 1
70 84 1 4
70 85 5 3
70 86 5 3
70 87 9 2
70 88 4 5
70 90 9 4
70 91 6 4
70 92 2 10
70 93 2 1
70 94 6 5
70 95 1 8
70 96 10 9
70 97 6 2
70 98 9 1
70 99 7 10
70 100 5 8
71 72 5 7
71 73 7 7
71 74 7 6
71 75 9 3
71 76 5 5
71 77 9 8
71 78 8 2
71 79 8 10
71 80 6 8
71 81 9 7
71 82 4 1
71 83 7 10
71 84 8 8
71 85 5 6
71 86 5 10
71 87 10 4
71 88 1 10
71 89 6 9
71 90 8 7
71 91 1 4
71 92 4 6
71 93 1 5
71 94 2 5
71 95 5 7
71 96 10 8
71 97 5 2
71 98 1 9
71 99 8 9
71 100 8 5
72 73 4 9
72 76 6 9
72 77 8 7
72 78 10 9
72 79 5 7
72 80 10 3
72 81 9 7
72 82 3 7
72 83 1 5
72 84 3 7
72 85 8 1
72 86 2 5
72 87 7 1
72 88 5 9
72 89 4 10
72 90 10 2
72 91 9 8
72 93 6 10
72 95 2 2
72 96 1 10
72 97 9 3
72 98 1 9
72 99 5 8
72 100 2 6
73 74 4 9
73 75 8 6
73 76 9 1
73 77 4 8
73 79 2 10
73 80 1 5
73 81 4 4
73 82 3 4
73 83 1 2
73 84 4 6
73 85 4 4
73 86 3 3
73 87 9 1
73 88 5 9
73 89 2 8
73 90 1 6
73 91 2 1
73 92 10 6
73 93 8 5
73 94 1 10
73 95 8 4
73 96 8 7
73 97 7 1
73 98 2 6
73 99 3 8
73 100 9 4
76 77 6 3
76 78 8 6
76 79 6 8
76 80 10 4
76 81 4 3
76 82 8 2
76 84 9 1
76 85 3 6
76 86 5 6
76 87 2 9
76 88 1 8
76 90 1 10
76 91 7 7
76 92 1 10
76 93 7 4
76 95 8 3
76 96 5 1
76 97 8 10
76 98 2 6
76 99 3 1
76 100 2 4
77 78 4 8
77 80 5 10
77 81 6 1
77 82 2 8
77 83 4 7
77 85 2 7
77 86 4 8
77 87 9 9
77 88 7 4
77 89 9 10
77 90 5 2
77 91 9 9
77 92 4 10
77 94 7 7
77 95 8 10
77 96 9 6
77 98 5 7
77 100 1 8
78 79 6 2
78 80 4 3
78 81 10 7
78 82 5 9
78 83 5 8
78 84 1 7
78 85 2 2
78 86 3 7
78 87 4 6
78 88 10 3
78 89 7 2
78 91 7 10
78 92 8 6
78 93 4 5
78 94 2 3
78 95 10 5
78 96 5 1
78 97 10 3
78 99 1 7
78 100 7 7
79 80 2 7
79 81 5 10
79 82 5 8
79 83 2 1
79 84 3 8
79 85 5 6
79 87 3 4
79 88 10 8
79 89 2 9
79 90 4 6
79 91 9 8
79 92 4 9
79 93 7 8
79 94 10 5
79 95 7 4
79 96 8 8
79 97 4 3
79 98 2 9
79 99 10 4
79 100 4 4
80 81 7 2
80 82 5 6
80 83 1 4
80 84 1 7
80 86 7 2
80 87 10 10
80 88 1 3
80 89 1 10
80 90 9 2
80 91 6 1
80 92 1 10
80 93 10 4
80 94 10 3
80 95 10 2
80 96 6 7
80 97 4 1
80 98 8 1
80 99 9 6
81 82 4 4
81 84 6 8
81 85 4 2
81 86 2 5
81 87 3 6
81 88 3 10
81 89 3 4
81 90 6 10
81 91 9 8
81 92 2 7
81 93 2 1
81 94 3 6
81 95 6 1
81 96 8 8
81 97 1 6
81 98 2 4
81 99 8 8
81 100 3 7
82 83 5 7
82 84 7 4
82 85 3 4
82 86 2 3
82 87 3 1
82 88 6 2
82 89 2 4
82 90 4 4
82 91 1 4
82 92 6 8
82 93 3 10
82 94 7 1
82 95 1 1
82 96 4 8
82 97 1 2
82 98 9 9
82 99 5 5
82 100 4 3
83 84 7 10
83 85 7 10
83 87 6 7
83 88 3 3
83 89 3 8
83 91 4 10
83 92 7 5
83 93 2 9
83 94 3 8
83 95 5 8
83 96 1 9
83 97 4 7
83 98 5 9
83 99 10 4
84 85 1 2
84 86 4 1
84 87 4 5
84 88 2 4
84 89 7 6
84 90 6 6
84 91 10 5
84 92 2 2
84 93 8 1
84 94 8 5
84 95 6 6
84 96 4 7
84 97 9 8
84 99 3 8
84 100 10 1
85 86 10 8
85 87 3 6
85 88 1 10
85 89 5 8
85 90 2 8
85 92 9 9
85 93 2 3
85 94 3 2
85 96 10 1
85 97 1 10
85 98 2 6
85 99 10 3
85 100 8 7
86 87 5 6
86 88 8 8
86 89 3 4
86 90 6 1
86 91 7 5
86 92 6 5
86 93 4 6
86 94 4 2
86 95 3 6
86 96 6 1
86 97 6 10
86 98 7 7
86 99 3 7
86 100 1 7
88 89 1 3
88 90 10 10
88 91 6 2
88 92 9 10
88 93 5 1
88 94 5 3
88 95 3 1
88 96 4 4
88 97 6 2
88 98 4 1
88 99 8 10
88 100 6 1
89 90 5 4
89 91 9 2
89 92 5 9
89 94 2 8
89 95 9 8
89 96 2 10
89 97 7 1
89 98 7 9
89 99 7 8
89 100 2 4
90 91 10 4
90 92 5 1
90 93 7 3
90 94 10 10
90 95 1 4
90 96 10 9
90 97 1 5
90 98 3 7
91 93 4 9
91 94 8 4
91 95 3 7
91 96 4 10
91 97 7 2
91 98 9 8
91 99 1 1
91 100 7 1
92 93 1 6
92 94 5 2
92 95 8 10
92 96 10 3
92 97 9 7
92 98 7 8
92 99 10 6
93 95 7 3
93 96 5 8
93 97 1 4
93 98 7 7
93 99 5 6
93 100 10 7
94 95 4 9
94 96 4 6
94 97 6 3
94 98 5 10
94 99 10 7
94 100 3 2
95 96 4 3
95 97 3 1
95 98 8 1
95 99 9 1
96 97 9 4
96 98 9 7
96 99 4 8
96 100 1 9
97 98 3 8
97 99 4 5
97 100 9 2
98 100 8 4
99 100 9 8
13 14 9 4
13 15 3 9
13 16 4 1
13 17 7 1
13 18 7 9
13 21 3 5
13 22 9 2
13 23 7 2
13 24 6 5
13 25 4 4
13 26 10 4
13 28 6 10
13 29 9 10
13 30 6 10
13 31 6 2
13 32 1 4
13 33 8 8
13 34 1 9
13 35 1 1
13 36 7 7
13 37 8 6
13 38 10 1
13 39 3 7
13 40 10 1
13 42 6 5
13 43 9 1
13 44 3 10
13 46 8 8
13 47 1 7
13 48 3 2
13 49 10 8
13 50 3 1
13 51 3 3
13 52 4 3
13 53 5 7
13 54 3 2
13 55 5 10
13 56 4 1
13 57 10 4
13 58 1 8
13 59 5 5
13 60 10 7
13 61 9 7
13 63 9 1
13 64 6 7
13 65 7 1
13 66 10 4
13 67 8 4
13 68 9 10
13 69 7 5
13 70 7 1
13 71 6 3
13 72 8 10
13 73 9 8
13 74 8 6
13 75 5 1
13 76 4 8
13 77 5 2
13 78 1 8
13 79 10 9
13 80 8 9
13 81 9 6
13 82 2 2
13 83 10 9
13 84 4 7
13 85 7 7
13 86 8 6
13 87 10 5
13 88 1 5
13 89 8 10
13 90 5 7
13 91 6 6
13 92 8 3
13 93 8 8
13 94 9 7
13 95 5 6
13 96 7 4
13 97 8 8
13 98 5 7
13 99 2 8
13 100 4 6
25 27 6 5
25 28 10 2
25 29 1 8
25 30 10 8
25 31 7 5
25 32 8 1
25 33 5 5
25 34 1 4
25 35 1 5
25 36 7 8
25 38 3 8
25 39 4 3
25 40 9 10
25 41 10 8
25 42 5 5
25 43 4 6
25 44 9 7
25 45 10 1
25 46 7 9
25 50 9 8
25 51 9 10
25 52 4 10
25 53 5 5
25 54 6 2
25 55 7 10
25 56 9 10
25 57 2 6
25 58 4 1
25 59 1 5
25 60 4 7
25 61 2 6
25 62 7 7
25 63 3 7
25 64 5 5
25 65 5 6
25 66 3 10
25 67 3 6
25 68 9 2
25 69 6 2
25 70 10 4
25 71 3 5
25 72 10 1
25 73 10 3
25 74 5 1
25 75 2 5
25 76 10 2
25 77 3 7
25 78 4 4
25 79 3 7
25 80 8 2
25 81 10 5
25 82 10 1
25 83 4 5
25 84 7 8
25 85 3 6
25 86 5 3
25 87 4 4
25 88 7 10
25 89 3 10
25 90 2 8
25 93 3 4
25 94 8 1
25 95 9 10
25 96 10 1
25 97 10 6
25 98 6 10
25 99 10 10
25 100 8 9
26 27 3 8
26 28 3 2
26 29 8 10
26 30 3 3
26 32 9 1
26 33 1 2
26 35 8 8
26 37 3 1
26 38 2 6
26 39 7 1
26 40 1 5
26 41 3 1
26 42 10 4
26 43 5 5
26 44 7 4
26 45 7 10
26 46 7 2
26 47 7 8
26 48 5 2
26 49 4 4
26 50 5 8
26 51 1 5
26 52 10 6
26 53 8 3
26 54 10 6
26 55 8 3
26 56 1 4
26 57 4 5
26 59 10 4
26 60 1 5
26 61 8 8
26 62 6 9
26 63 3 2
26 64 3 7
26 65 6 4
26 66 2 2
26 67 7 8
26 69 2 5
26 70 10 7
26 71 7 9
26 72 2 6
26 73 3 1
26 75 3 1
26 76 10 3
26 77 8 6
26 78 3 4
26 79 4 3
26 80 5 5
26 81 9 8
26 82 10 1
26 83 4 10
26 84 7 8
26 85 5 1
26 86 7 5
26 87 2 1
26 88 7 6
26 89 4 3
26 90 5 10
26 91 8 1
26 92 4 3
26 93 8 9
26 94 3 8
26 95 3 5
26 96 8 4
26 97 7 4
26 98 1 4
26 99 6 9
26 100 6 5
74 75 6 2
74 76 9 2
74 77 9 1
74 78 3 8
74 79 3 5
74 80 3 4
74 82 10 9
74 84 7 6
74 85 7 7
74 86 4 7
74 87 10 1
74 88 9 1
74 89 8 10
74 90 7 9
74 91 3 9
74 92 9 7
74 93 7 10
74 95 10 2
74 96 9 4
74 97 6 7
74 98 2 1
74 99 3 7
74 100 7 9
75 76 8 1
75 77 6 6
75 78 5 1
75 79 6 4
75 80 7 6
75 81 6 7
75 82 3 1
75 83 5 1
75 85 6 1
75 86 10 1
75 87 10 6
75 88 3 6
75 90 4 4
75 91 4 9
75 92 3 4
75 94 6 10
75 96 9 6
75 97 7 7
75 98 7 4
75 99 5 1
75 100 4 7
87 88 4 2
87 89 9 10
87 90 1 7
87 91 6 2
87 92 9 9
87 93 10 5
87 94 2 2
87 95 7 7
87 96 1 3
87 97 1 5
87 98 1 2
87 99 6 9
87 100 4 1
49 50 1 4
49 51 9 1
49 52 10 7
49 53 7 3
49 54 10 3
49 55 7 6
49 56 4 2
49 57 9 8
49 58 9 7
49 59 3 1
49 60 6 2
49 61 4 5
49 62 5 10
49 63 3 8
49 64 6 4
49 65 5 6
49 66 10 8
49 68 8 8
49 69 8 8
49 70 7 5
49 71 6 8
49 72 2 4
49 73 1 7
49 75 8 6
49 76 9 8
49 77 4 1
49 78 4 5
49 79 1 1
49 81 5 8
49 82 4 3
49 83 5 5
49 84 5 1
49 85 9 1
49 86 6 3
49 87 2 8
49 88 10 4
49 90 6 1
49 91 4 1
49 92 5 8
49 93 9 3
49 94 6 5
49 95 5 6
49 97 9 1
49 98 3 8
49 100 9 5
68 69 2 10
68 70 10 3
68 71 1 8
68 72 2 1
68 73 3 9
68 74 5 2
68 75 9 3
68 76 8 7
68 77 1 1
68 78 8 9
68 79 1 6
68 80 1 5
68 82 5 8
68 83 3 6
68 85 1 9
68 86 4 10
68 88 5 10
68 89 8 8
68 90 3 1
68 91 5 6
68 92 6 5
68 93 8 6
68 94 10 7
68 95 7 3
68 96 9 3
68 97 8 10
68 100 4 5
